198
116
37.5846,-1.0
37.5828,-1.01
37.5728,-1.015
37.5746,-1.0259
37.5787,-1.0391
37.5813,-1.0493
37.5805,-1.0599
37.5805,-1.0702
37.5813,-1.0801
37.5764,-1.0901
37.5687,-1.0992
37.5696,-1.1092
37.5629,-1.1168
37.5532,-1.1262
37.5461,-1.1168
37.5367,-1.1071
37.5338,-1.1191
37.5379,-1.1318
37.5397,-1.1417
37.5406,-1.1541
37.542,-1.1676
37.5517,-1.1746
37.5629,-1.1758
37.567,-1.1866
37.5714,-1.196
37.5728,-1.2116
37.5746,-1.2215
37.5755,-1.2315
37.5769,-1.2435
37.5705,-1.2523
37.5582,-1.2538
37.5579,-1.2641
37.5564,-1.2749
37.5561,-1.2875
37.5605,-1.3025
37.562,-1.316
37.5629,-1.3283
37.5561,-1.3418
37.552,-1.3518
37.5391,-1.3679
37.5312,-1.3741
37.5274,-1.3838
37.5218,-1.3928
37.5124,-1.3996
37.5062,-1.4157
37.5039,-1.4275
37.4995,-1.4366
37.4945,-1.4459
37.4892,-1.4547
37.4813,-1.4618
37.4725,-1.4679
37.4634,-1.4738
37.4534,-1.4797
37.4432,-1.4829
37.4347,-1.4767
37.4253,-1.4817
37.4212,-1.4941
37.4276,-1.502
37.432,-1.5184
37.4259,-1.5272
37.4197,-1.5366
37.4132,-1.5445
37.4121,-1.5583
37.403,-1.5633
37.4071,-1.575
37.4009,-1.5829
37.3995,-1.5935
37.3945,-1.6026
37.3865,-1.6096
37.3813,-1.6217
37.3728,-1.6284
37.3731,-1.6401
37.3651,-1.6472
37.3549,-1.6495
37.3572,-1.6674
37.3513,-1.6759
37.3443,-1.6839
37.3349,-1.6903
37.3258,-1.6947
37.3167,-1.6997
37.3076,-1.7056
37.2988,-1.7149
37.2915,-1.722
37.2842,-1.7296
37.278,-1.7393
37.2672,-1.7493
37.261,-1.7595
37.2507,-1.7663
37.2416,-1.7722
37.2355,-1.7801
37.2328,-1.79
37.2267,-1.798
37.2182,-1.8038
37.2082,-1.8079
37.1982,-1.8112
37.1882,-1.8156
37.1791,-1.8206
37.1692,-1.822
37.1592,-1.8211
37.1492,-1.8229
37.1375,-1.8261
37.1275,-1.8288
37.1175,-1.832
37.1117,-1.8405
37.1008,-1.8446
37.0932,-1.8528
37.0818,-1.8478
37.0709,-1.8496
37.0609,-1.8528
37.0524,-1.8587
37.0424,-1.8637
37.0375,-1.8728
37.0275,-1.8772
37.0143,-1.8772
37.0067,-1.8871
37.0002,-1.8889
2
37.3467,-1.6531
37.3467,-1.6531
2
37.3593,-1.6478
37.3593,-1.6478
2
37.4083,-1.548
37.4083,-1.548
2
37.4725,-1.4671
37.4725,-1.4671
2
37.5576,-1.3295
37.5576,-1.3295
2
37.5558,-1.2696
37.5558,-1.2696
2
37.5708,-1.2121
37.5708,-1.2121
2
37.5708,-1.0438
37.5708,-1.0438
2
37.5717,-1.022
37.5717,-1.022
2
37.0002,-1.8889
37.0,-1.8889
2
37.5846,-1.0
37.5846,-1.0
91
37.5846,-1.0
37.5819,-0.98831
37.5934,-0.98714
37.5963,-0.97511
37.5863,-0.97746
37.5764,-0.97511
37.5746,-0.96514
37.5737,-0.95428
37.5655,-0.96015
37.5579,-0.9534
37.5596,-0.94167
37.557,-0.93169
37.5546,-0.92172
37.5587,-0.91175
37.5629,-0.90177
37.5655,-0.8918
37.5687,-0.88094
37.5778,-0.87596
37.5796,-0.86598
37.5805,-0.85513
37.5872,-0.84515
37.5778,-0.83019
37.5746,-0.81934
37.5808,-0.81054
37.5854,-0.79675
37.5922,-0.7859
37.5928,-0.77504
37.5972,-0.76507
37.5981,-0.75157
37.6004,-0.7416
37.6022,-0.73163
37.6063,-0.71989
37.6142,-0.71373
37.6242,-0.70464
37.6303,-0.69349
37.6362,-0.7017
37.6441,-0.70874
37.6526,-0.71549
37.6418,-0.72459
37.6344,-0.73163
37.6344,-0.74512
37.6429,-0.75656
37.6479,-0.76595
37.6497,-0.77592
37.6529,-0.7859
37.657,-0.79587
37.6629,-0.80673
37.6688,-0.81494
37.6767,-0.82462
37.6858,-0.82961
37.6966,-0.8387
37.7142,-0.8563
37.7242,-0.85806
37.7351,-0.85043
37.745,-0.84633
37.7529,-0.83841
37.7544,-0.82843
37.7612,-0.81993
37.7755,-0.80585
37.7884,-0.79968
37.7993,-0.80203
37.8084,-0.79616
37.8146,-0.78824
37.8195,-0.77768
37.8093,-0.76976
37.8008,-0.76389
37.7905,-0.75597
37.8034,-0.75216
37.8134,-0.75627
37.8234,-0.75715
37.8342,-0.76038
37.8501,-0.76126
37.8615,-0.76126
37.87,-0.75539
37.88,-0.75216
37.8899,-0.7504
37.8996,-0.746
37.9078,-0.73749
37.9128,-0.7284
37.9249,-0.72136
37.9342,-0.71784
37.9413,-0.70992
37.9501,-0.70376
37.9615,-0.70053
37.9694,-0.69408
37.9744,-0.68264
37.9753,-0.67266
37.98,-0.66298
37.9882,-0.65535
37.9997,-0.65095
38.0,-0.64949
4
37.6966,-0.77622
37.6975,-0.76477
37.7007,-0.77534
37.6966,-0.77622
2
37.7835,-0.74864
37.7835,-0.74864
2
37.7257,-0.70962
37.7257,-0.70962
2
37.6491,-0.65447
37.6491,-0.65447
2
37.6541,-0.64949
37.6541,-0.64949
2
37.7858,-0.76126
37.7858,-0.76126
2
37.7884,-0.75803
37.7884,-0.75803
2
37.6649,-0.74952
37.6649,-0.74952
2
37.7876,-0.74864
37.7876,-0.74864
2
37.8867,-0.74952
37.8867,-0.74952
2
37.711,-0.75304
37.711,-0.75304
2
37.7016,-0.80379
37.7016,-0.80379
2
37.559,-0.9713
37.559,-0.9713
2
37.6432,-0.65887
37.6432,-0.65887
2
37.6691,-0.74219
37.6691,-0.74219
2
37.7315,-0.69789
37.7315,-0.69789
2
37.7817,-0.75715
37.7817,-0.75715
28
37.7758,-0.75392
37.7574,-0.74629
37.7483,-0.73955
37.7365,-0.73867
37.7257,-0.74043
37.7133,-0.74365
37.7016,-0.74219
37.6916,-0.74131
37.6808,-0.73632
37.6691,-0.73368
37.6608,-0.74043
37.6602,-0.73016
37.6547,-0.72018
37.6655,-0.72077
37.6735,-0.72723
37.6834,-0.73133
37.6934,-0.73544
37.7048,-0.73867
37.7175,-0.73955
37.7324,-0.7372
37.7424,-0.73368
37.7474,-0.72459
37.7512,-0.73515
37.76,-0.74277
37.77,-0.74365
37.7799,-0.74277
37.7779,-0.75333
37.7758,-0.75392
17
39.0,-0.15782
38.9883,-0.14961
38.9774,-0.14052
38.9692,-0.13201
38.9601,-0.1238
38.9437,-0.10766
38.9314,-0.093287
38.9196,-0.080086
38.9138,-0.071578
38.907,-0.063365
38.9011,-0.054857
38.8938,-0.045763
38.8879,-0.037549
38.8812,-0.028455
38.8753,-0.019948
38.8712,-0.009974
38.8712,0.0
96
38.6321,0.0
38.6263,-0.018481
38.6204,-0.026695
38.6113,-0.034909
38.6037,-0.041656
38.5978,-0.050164
38.5893,-0.058084
38.5799,-0.062778
38.5711,-0.057497
38.5632,-0.049577
38.5541,-0.057204
38.5462,-0.067472
38.5394,-0.075979
38.5344,-0.085953
38.5254,-0.097394
38.528,-0.10737
38.5353,-0.11499
38.5362,-0.12761
38.538,-0.13758
38.5371,-0.1499
38.5321,-0.15929
38.5254,-0.1675
38.5171,-0.17425
38.5171,-0.18511
38.5154,-0.19831
38.5122,-0.20916
38.5072,-0.21826
38.5063,-0.22823
38.5004,-0.2382
38.4987,-0.24847
38.4969,-0.25991
38.4945,-0.27077
38.4913,-0.28074
38.4878,-0.29013
38.4837,-0.3001
38.4787,-0.3092
38.4734,-0.31946
38.467,-0.32826
38.462,-0.33824
38.4555,-0.34763
38.4497,-0.35672
38.4461,-0.36757
38.4426,-0.37696
38.435,-0.38371
38.4268,-0.38958
38.4165,-0.39133
38.4124,-0.40131
38.4016,-0.40454
38.3842,-0.40806
38.3734,-0.40952
38.3608,-0.40952
38.3529,-0.40336
38.3529,-0.4151
38.3537,-0.42595
38.3584,-0.43534
38.3628,-0.44678
38.3578,-0.45675
38.3511,-0.46761
38.3461,-0.47758
38.3426,-0.48697
38.3356,-0.49489
38.33,-0.5078
38.3209,-0.51308
38.3068,-0.5163
38.2783,-0.51953
38.2675,-0.51865
38.2575,-0.51542
38.2417,-0.51454
38.2308,-0.5122
38.2191,-0.50868
38.2091,-0.5078
38.1986,-0.51337
38.1921,-0.52334
38.1895,-0.53332
38.1895,-0.55591
38.1912,-0.56823
38.1912,-0.58759
38.188,-0.59756
38.1812,-0.60578
38.1751,-0.6137
38.1657,-0.61956
38.1566,-0.62543
38.1484,-0.63218
38.1384,-0.63629
38.1276,-0.63805
38.1158,-0.63951
38.105,-0.64303
38.0932,-0.64538
38.0833,-0.64626
38.0709,-0.64802
38.0557,-0.64949
38.0407,-0.65125
38.029,-0.65125
38.0176,-0.65301
38.0058,-0.64861
38.0,-0.64949
2
38.1692,-0.48961
38.1692,-0.48961
5
38.1675,-0.4855
38.1698,-0.4855
38.1704,-0.46849
38.1672,-0.47846
38.1675,-0.4855
2
38.1642,-0.47611
38.1642,-0.47611
2
38.1642,-0.47201
38.1642,-0.47201
2
38.1666,-0.46643
38.1666,-0.46643
2
38.1657,-0.46203
38.1657,-0.46203
2
38.4951,-0.13553
38.4951,-0.13553
2
38.5383,-0.074512
38.5383,-0.074512
2
38.6251,-0.017895
38.6251,-0.017895
52
38.8712,0.0
38.8671,0.018188
38.8662,0.029042
38.863,0.046643
38.8653,0.056617
38.8621,0.066591
38.8595,0.079206
38.8571,0.08918
38.8545,0.099154
38.8495,0.10825
38.8416,0.11705
38.8354,0.12585
38.8363,0.13817
38.8328,0.14902
38.8272,0.15753
38.8205,0.16575
38.8155,0.17572
38.812,0.18599
38.807,0.19567
38.7988,0.18921
38.7891,0.1854
38.78,0.19039
38.7703,0.20095
38.7638,0.20916
38.7638,0.22002
38.7562,0.22764
38.7474,0.2338
38.7366,0.23292
38.7322,0.22178
38.7328,0.20594
38.7254,0.19831
38.7228,0.18833
38.7154,0.17924
38.7108,0.1678
38.7005,0.16076
38.6899,0.15695
38.6811,0.15078
38.6888,0.14404
38.6879,0.13172
38.6802,0.1191
38.6761,0.10326
38.6679,0.092407
38.6588,0.083313
38.6503,0.077446
38.6401,0.078032
38.6412,0.067472
38.643,0.05339
38.6412,0.043416
38.6345,0.034909
38.6286,0.026695
38.6321,0.014961
38.6321,0.0
2
38.755,0.22882
38.755,0.22882
72
39.0,1.5794
38.9903,1.5709
38.993,1.5601
38.9903,1.5501
38.9845,1.5416
38.9812,1.5316
38.9624,1.5319
38.9545,1.5249
38.9446,1.5234
38.9463,1.5134
38.9375,1.507
38.9305,1.4958
38.9246,1.4876
38.9179,1.48
38.9129,1.4633
38.9149,1.453
38.9058,1.458
38.9117,1.4486
38.917,1.4392
38.9058,1.4395
38.9038,1.4266
38.897,1.4175
38.89,1.4096
38.8809,1.4046
38.8703,1.4049
38.8601,1.4069
38.8492,1.4028
38.8392,1.4046
38.8413,1.3926
38.8398,1.382
38.8322,1.375
38.8401,1.3688
38.8501,1.3662
38.8592,1.3603
38.8671,1.3524
38.8712,1.3424
38.868,1.3324
38.8615,1.3236
38.868,1.3157
38.863,1.3066
38.8715,1.3004
38.8762,1.2899
38.8788,1.2799
38.8788,1.2691
38.8715,1.2611
38.8624,1.2561
38.8571,1.2473
38.8674,1.2421
38.873,1.2324
38.8783,1.223
38.8891,1.2253
38.8962,1.2157
38.9067,1.2145
38.9146,1.2224
38.9246,1.2242
38.9325,1.2321
38.9425,1.2303
38.9504,1.2224
38.9583,1.2145
38.9645,1.225
38.9742,1.2289
38.9736,1.24
38.968,1.2491
38.9689,1.26
38.9704,1.2749
38.9745,1.2858
38.9695,1.2957
38.973,1.3051
38.9789,1.2966
38.9889,1.2943
38.9938,1.2849
39.0,1.2837
2
38.9792,1.1587
38.9792,1.1587
2
38.9683,1.1646
38.9683,1.1646
2
38.9724,1.1646
38.9724,1.1646
4
38.8642,1.1878
38.8721,1.2033
38.8645,1.1966
38.8642,1.1878
2
38.9575,1.1878
38.9575,1.1878
2
38.9592,1.1904
38.9592,1.1904
2
38.9583,1.2013
38.9583,1.2013
2
38.8692,1.2072
38.8692,1.2072
4
38.9815,1.2072
38.9953,1.216
38.9859,1.2121
38.9815,1.2072
2
38.9683,1.2145
38.9683,1.2145
2
38.9651,1.2162
38.9651,1.2162
54
38.6926,1.3805
38.7084,1.3887
38.7193,1.3802
38.7254,1.3884
38.7351,1.3946
38.7295,1.4052
38.7228,1.4166
38.7328,1.4143
38.7372,1.4251
38.7501,1.4304
38.765,1.4336
38.7542,1.4377
38.7442,1.4421
38.7328,1.4492
38.7263,1.4574
38.7281,1.4682
38.7193,1.4738
38.7084,1.4788
38.6946,1.4899
38.6879,1.4999
38.6829,1.509
38.6788,1.5184
38.6747,1.5284
38.6805,1.5375
38.6846,1.5474
38.6905,1.5557
38.6937,1.5659
38.687,1.5741
38.6791,1.5812
38.6641,1.5835
38.6577,1.5738
38.6512,1.5656
38.6521,1.5551
38.653,1.5293
38.6626,1.5146
38.6688,1.5058
38.6738,1.4967
38.6788,1.4867
38.6829,1.4759
38.6846,1.465
38.6861,1.4533
38.6838,1.4415
38.6758,1.4345
38.6662,1.4298
38.6629,1.4198
38.655,1.4128
38.6489,1.4043
38.643,1.3958
38.6421,1.3858
38.6533,1.3846
38.6682,1.387
38.6808,1.3838
38.6917,1.3811
38.6926,1.3805
2
38.8167,1.4019
38.8167,1.4019
2
38.8275,1.4055
38.8275,1.4055
2
38.8167,1.4096
38.8167,1.4096
2
38.775,1.4163
38.775,1.4163
2
38.7958,1.4163
38.7958,1.4163
6
38.7832,1.4178
38.7979,1.4207
38.7908,1.4286
38.78,1.4322
38.7797,1.4216
38.7832,1.4178
2
38.8976,1.4213
38.8976,1.4213
2
38.7991,1.4222
38.7991,1.4222
2
38.7782,1.4245
38.7782,1.4245
2
38.7524,1.4295
38.7524,1.4295
2
38.8859,1.4336
38.8859,1.4336
2
38.8876,1.4363
38.8876,1.4363
2
38.89,1.4489
38.89,1.4489
2
38.8891,1.4521
38.8891,1.4521
3
38.7976,1.4747
38.7958,1.4794
38.7976,1.4747
2
38.7891,1.4811
38.7891,1.4811
2
38.985,1.5812
38.985,1.5812
101
39.9311,0.0
39.9182,-0.00616
39.9091,-0.011147
39.9038,-0.020828
39.898,-0.029922
39.883,-0.046643
39.8774,-0.055444
39.8674,-0.067178
39.8628,-0.076565
39.8575,-0.087126
39.8493,-0.092993
39.8408,-0.09886
39.8284,-0.10883
39.8199,-0.1147
39.8117,-0.12204
39.8026,-0.1279
39.7915,-0.137
39.7833,-0.14374
39.7733,-0.15137
39.7651,-0.15724
39.7566,-0.16281
39.7472,-0.17249
39.7404,-0.18012
39.7299,-0.18628
39.7208,-0.19127
39.7108,-0.19391
39.6999,-0.19713
39.69,-0.20036
39.6791,-0.20388
39.6691,-0.20711
39.6592,-0.21122
39.6492,-0.20887
39.6545,-0.21738
39.646,-0.22559
39.638,-0.23322
39.6295,-0.24583
39.6225,-0.25375
39.6134,-0.26226
39.604,-0.26637
39.594,-0.26959
39.5832,-0.27223
39.5732,-0.27722
39.5624,-0.28367
39.5512,-0.29423
39.5424,-0.30216
39.5333,-0.3089
39.5233,-0.31536
39.5134,-0.31976
39.5034,-0.3221
39.4785,-0.32445
39.4623,-0.32386
39.4532,-0.31624
39.4597,-0.32592
39.4494,-0.3224
39.4424,-0.33296
39.4324,-0.33618
39.4224,-0.33384
39.4125,-0.3312
39.4007,-0.32885
39.3893,-0.32533
39.3793,-0.32122
39.369,-0.31976
39.3585,-0.31536
39.3491,-0.31037
39.3382,-0.30626
39.3283,-0.30128
39.3183,-0.29629
39.3092,-0.2913
39.2992,-0.28719
39.2892,-0.27957
39.2775,-0.27311
39.269,-0.26783
39.259,-0.26197
39.2499,-0.25698
39.2408,-0.25199
39.2309,-0.24788
39.2209,-0.24114
39.2124,-0.23556
39.2024,-0.22882
39.1933,-0.22295
39.1842,-0.21796
39.1813,-0.22764
39.1787,-0.23762
39.1625,-0.24114
39.152,-0.24084
39.1417,-0.23703
39.1317,-0.23292
39.1217,-0.2297
39.1124,-0.22559
39.1033,-0.22031
39.0933,-0.21708
39.0833,-0.2121
39.0733,-0.20799
39.0634,-0.20388
39.0557,-0.19713
39.0458,-0.19215
39.0349,-0.18452
39.0258,-0.17807
39.0173,-0.17132
39.0059,-0.16281
39.0,-0.15782
9
39.9311,0.0
39.9467,0.003814
39.9584,0.007041
39.9684,0.010267
39.9681,0.020828
39.9801,0.023762
39.9901,0.027869
39.9992,0.032856
40.0,0.030509
2
39.8968,0.68293
39.8968,0.68293
2
39.8534,0.67882
39.8534,0.67882
2
39.8757,0.67295
39.8757,0.67295
2
39.8757,0.66973
39.8757,0.66973
2
39.8974,0.6888
39.8974,0.6888
2
39.8924,0.66797
39.8924,0.66797
2
39.8507,0.67882
39.8507,0.67882
2
39.89,0.66621
39.89,0.66621
2
39.8933,0.67119
39.8933,0.67119
2
39.89,0.66973
39.89,0.66973
52
39.0,1.2837
39.0073,1.2928
39.0176,1.2922
39.0276,1.2913
39.0346,1.2999
39.0443,1.3104
39.0469,1.3201
39.0554,1.3274
39.0554,1.3383
39.0642,1.3453
39.0701,1.3553
39.0763,1.3632
39.0666,1.3662
39.0645,1.3767
39.0766,1.3855
39.0813,1.3975
39.078,1.4084
39.0833,1.4172
39.0939,1.4251
39.0889,1.4342
39.0895,1.4451
39.098,1.4515
39.0994,1.4615
39.103,1.4709
39.1059,1.4806
39.1112,1.4917
39.1015,1.4952
39.1038,1.5067
39.1141,1.5064
39.1103,1.5158
39.1162,1.5249
39.1188,1.5357
39.1094,1.5392
39.1038,1.5483
39.0974,1.5571
39.0994,1.5692
39.0994,1.58
39.0953,1.59
39.093,1.6
39.0824,1.6011
39.0763,1.5926
39.0648,1.5888
39.0528,1.5958
39.0463,1.6049
39.0367,1.6079
39.0378,1.6184
39.0276,1.6211
39.0279,1.6108
39.0246,1.5991
39.0161,1.59
39.01,1.5821
39.0,1.5794
2
39.0126,1.2919
39.0126,1.2919
2
39.1024,1.4612
39.1024,1.4612
2
39.0499,1.3145
39.0499,1.3145
2
39.0924,1.4313
39.0924,1.4313
3
39.0408,1.6355
39.037,1.6457
39.0408,1.6355
2
39.0032,1.5847
39.0032,1.5847
2
40.5818,0.64039
40.5818,0.64039
2
40.5809,0.64303
40.5809,0.64303
4
40.5774,0.64039
40.5771,0.65242
40.5771,0.64098
40.5774,0.64039
2
40.5824,0.64303
40.5824,0.64303
2
40.575,0.65946
40.575,0.65946
2
40.5782,0.65623
40.5782,0.65623
2
40.5818,0.65447
40.5818,0.65447
2
40.5832,0.64626
40.5832,0.64626
2
40.5832,0.65213
40.5832,0.65213
2
40.5791,0.64626
40.5791,0.64626
2
40.585,0.64714
40.585,0.64714
2
40.5791,0.64861
40.5791,0.64861
2
40.5782,0.65125
40.5782,0.65125
197
41.0,0.93689
40.9904,0.92407
40.9854,0.91321
40.9769,0.90412
40.9716,0.89444
40.9637,0.8874
40.9511,0.8742
40.9449,0.86129
40.9353,0.85835
40.9279,0.85073
40.9221,0.84251
40.9138,0.83401
40.905,0.82785
40.8959,0.82139
40.8866,0.80966
40.8775,0.80027
40.8654,0.79176
40.8605,0.78091
40.8558,0.77035
40.847,0.76507
40.8455,0.75333
40.8367,0.74541
40.825,0.74277
40.8194,0.73251
40.8153,0.72165
40.8138,0.71168
40.8079,0.70317
40.795,0.70698
40.7862,0.71256
40.7795,0.72077
40.7724,0.72957
40.7686,0.73925
40.7654,0.75597
40.7654,0.76829
40.768,0.77827
40.778,0.77915
40.7804,0.76595
40.7845,0.75568
40.788,0.74072
40.7944,0.75509
40.7939,0.76741
40.7903,0.77739
40.7815,0.78883
40.7716,0.79704
40.7625,0.80203
40.7504,0.81494
40.7405,0.82491
40.7337,0.83342
40.7287,0.84427
40.7255,0.85425
40.7179,0.84662
40.7138,0.83665
40.717,0.84662
40.7188,0.85982
40.7246,0.86833
40.722,0.87918
40.71,0.88036
40.7009,0.87449
40.6929,0.86833
40.6871,0.86011
40.6912,0.84897
40.6979,0.83987
40.6894,0.84838
40.6841,0.85718
40.6789,0.84838
40.6753,0.83899
40.6704,0.8299
40.6671,0.81993
40.663,0.80995
40.6604,0.79998
40.6563,0.78912
40.6522,0.77915
40.6478,0.76918
40.6428,0.76008
40.6346,0.75011
40.6275,0.74219
40.6176,0.73456
40.6067,0.72635
40.5991,0.71872
40.59,0.71373
40.5803,0.70493
40.5736,0.69584
40.5686,0.68586
40.5636,0.67501
40.5595,0.66503
40.5571,0.65154
40.5554,0.62074
40.5595,0.60988
40.5665,0.6005
40.5768,0.5961
40.5803,0.60578
40.5788,0.61663
40.5888,0.61751
40.5847,0.62748
40.5847,0.6401
40.5753,0.64421
40.5712,0.65506
40.5771,0.66591
40.5829,0.65653
40.5929,0.65829
40.59,0.66797
40.5938,0.67736
40.592,0.68762
40.592,0.70082
40.5976,0.71197
40.609,0.72194
40.619,0.73045
40.6275,0.73632
40.6349,0.74365
40.6404,0.73485
40.6396,0.71989
40.6372,0.70992
40.6387,0.69496
40.6363,0.68498
40.6313,0.67501
40.6278,0.66093
40.6261,0.64978
40.6237,0.6266
40.6228,0.61663
40.6237,0.60578
40.6184,0.59551
40.6079,0.58583
40.5961,0.5741
40.5838,0.56001
40.5762,0.5518
40.5665,0.53889
40.5574,0.53449
40.5495,0.52833
40.5407,0.52305
40.5316,0.51865
40.5216,0.51542
40.5134,0.50868
40.504,0.50369
40.4949,0.49724
40.4867,0.48961
40.4773,0.48609
40.4691,0.47787
40.4591,0.47875
40.4612,0.46819
40.4524,0.46203
40.4445,0.45587
40.4383,0.44795
40.4292,0.44296
40.4198,0.43886
40.4119,0.4324
40.4049,0.42214
40.3958,0.41715
40.3849,0.41304
40.375,0.40952
40.365,0.40718
40.3538,0.39926
40.345,0.39221
40.338,0.38488
40.3315,0.37696
40.3251,0.36787
40.3163,0.36083
40.3048,0.35467
40.2969,0.34675
40.2922,0.33736
40.2787,0.33002
40.2729,0.32152
40.2602,0.30479
40.2556,0.29335
40.2479,0.28661
40.2418,0.27869
40.23,0.27634
40.2209,0.27194
40.208,0.26431
40.2045,0.25493
40.203,0.24495
40.1995,0.23498
40.1928,0.22412
40.1869,0.21503
40.1822,0.20417
40.174,0.19449
40.1649,0.18804
40.1541,0.18041
40.1441,0.17367
40.1341,0.16868
40.1233,0.16281
40.1133,0.15871
40.1033,0.15284
40.0901,0.14961
40.0813,0.14404
40.0766,0.13377
40.0675,0.12702
40.0619,0.11822
40.0578,0.10737
40.0564,0.097394
40.0564,0.083313
40.047,0.071578
40.0429,0.061604
40.03,0.046937
40.02,0.04283
40.0109,0.036963
40.0018,0.031389
40.0,0.030509
15
41.0,-1.4441
40.9955,-1.4417
40.9817,-1.445
40.9708,-1.4583
40.9572,-1.4664
40.9525,-1.4814
40.9606,-1.4978
40.9584,-1.5183
40.9497,-1.5345
40.9453,-1.5514
40.9419,-1.5614
40.9422,-1.5719
40.9378,-1.5936
40.9439,-1.6114
40.9467,-1.622
8
41.0,-1.6936
40.9994,-1.6925
40.9906,-1.677
40.9783,-1.6647
40.9658,-1.6531
40.9553,-1.6381
40.9486,-1.6302
40.9467,-1.622
16
40.9467,-1.622
40.9394,-1.617
40.927,-1.6058
40.9133,-1.6147
40.8975,-1.6234
40.8825,-1.6192
40.8697,-1.6103
40.8558,-1.6
40.8445,-1.5856
40.833,-1.5733
40.8305,-1.5631
40.822,-1.5475
40.8092,-1.5403
40.7947,-1.5408
40.7792,-1.5408
40.779,-1.5408
42
40.779,-1.5408
40.7728,-1.5356
40.76,-1.5478
40.7441,-1.5572
40.73,-1.5578
40.7164,-1.5556
40.7045,-1.5444
40.6911,-1.5353
40.6753,-1.5384
40.6603,-1.5353
40.6489,-1.5464
40.6347,-1.5497
40.62,-1.56
40.6058,-1.5542
40.5923,-1.5452
40.5895,-1.555
40.5772,-1.5694
40.5686,-1.5861
40.5686,-1.605
40.5803,-1.6198
40.5861,-1.6364
40.5845,-1.655
40.5872,-1.6655
40.587,-1.6789
40.575,-1.6905
40.5609,-1.6905
40.5469,-1.6989
40.532,-1.7025
40.5177,-1.6992
40.5042,-1.6961
40.4897,-1.6942
40.4828,-1.7045
40.477,-1.7231
40.4694,-1.7416
40.4653,-1.7511
40.4514,-1.7567
40.4389,-1.7675
40.4264,-1.7769
40.4147,-1.7886
40.4111,-1.8014
40.4022,-1.8082
40.4019,-1.8083
5
40.5963,-2.0
40.5942,-1.9944
40.5909,-1.9747
40.5994,-1.9598
40.6147,-1.9647
28
40.6147,-1.9647
40.6125,-1.9614
40.6078,-1.9508
40.603,-1.9394
40.6002,-1.9281
40.5917,-1.9203
40.5828,-1.9133
40.573,-1.9083
40.5628,-1.9064
40.5528,-1.9039
40.5425,-1.9028
40.5348,-1.8922
40.5261,-1.8833
40.5161,-1.8822
40.5061,-1.883
40.495,-1.8805
40.4847,-1.8767
40.4767,-1.8689
40.4675,-1.863
40.4575,-1.8647
40.4481,-1.8603
40.4375,-1.8591
40.4275,-1.8561
40.4206,-1.8464
40.4242,-1.8344
40.4164,-1.8255
40.4075,-1.817
40.4019,-1.8083
12
40.4019,-1.8083
40.395,-1.7878
40.3923,-1.7753
40.3833,-1.7675
40.3733,-1.7617
40.365,-1.7539
40.3542,-1.7469
40.3466,-1.7367
40.3417,-1.7244
40.3334,-1.7147
40.3253,-1.7061
40.3216,-1.7003
19
40.3216,-1.7003
40.3155,-1.7078
40.3128,-1.7178
40.3006,-1.7309
40.2867,-1.7258
40.2828,-1.7116
40.2955,-1.7025
40.3031,-1.6847
40.2947,-1.6661
40.2809,-1.6544
40.2714,-1.6394
40.2608,-1.6261
40.247,-1.6156
40.24,-1.5978
40.2316,-1.5817
40.2175,-1.5753
40.213,-1.5656
40.2003,-1.5522
40.1938,-1.5382
11
40.1938,-1.5382
40.1934,-1.5345
40.2036,-1.5225
40.2039,-1.5028
40.1967,-1.4858
40.1911,-1.4689
40.1964,-1.4511
40.1936,-1.4369
40.1786,-1.4367
40.1647,-1.4417
40.1497,-1.4486
22
40.1497,-1.4486
40.1464,-1.4403
40.1464,-1.43
40.1466,-1.4197
40.1381,-1.4036
40.1381,-1.3922
40.1425,-1.3736
40.1328,-1.36
40.1353,-1.3494
40.1461,-1.3364
40.1472,-1.3264
40.1564,-1.3155
40.1709,-1.3208
40.1864,-1.3236
40.2,-1.3144
40.2117,-1.3033
40.2039,-1.2914
40.19,-1.288
40.1766,-1.2817
40.1625,-1.2722
40.1497,-1.2597
40.1475,-1.2483
2
40.1475,-1.2483
40.1464,-1.2431
4
40.1464,-1.2431
40.1406,-1.2453
40.1292,-1.2444
40.1228,-1.2492
20
40.1228,-1.2492
40.1191,-1.2425
40.1161,-1.2248
40.1128,-1.2153
40.1117,-1.1978
40.1123,-1.1789
40.1153,-1.1603
40.1134,-1.1428
40.1003,-1.1331
40.0911,-1.1158
40.082,-1.1008
40.0714,-1.0859
40.0592,-1.0756
40.0442,-1.0775
40.0341,-1.0914
40.0267,-1.1097
40.0234,-1.1194
40.0195,-1.1294
40.0153,-1.1386
40.0114,-1.1628
5
40.0,-1.2348
40.0017,-1.215
40.0055,-1.1967
40.01,-1.1808
40.0114,-1.1628
7
40.1497,-1.4486
40.1433,-1.4561
40.1289,-1.4567
40.1208,-1.4408
40.112,-1.4239
40.1036,-1.4108
40.1021,-1.4113
15
40.1021,-1.4113
40.0964,-1.4133
40.0828,-1.4142
40.0694,-1.4022
40.0559,-1.3942
40.0414,-1.3922
40.0286,-1.3819
40.015,-1.3797
40.0136,-1.36
40.0189,-1.3425
40.0133,-1.3264
40.0083,-1.307
40.0083,-1.2872
40.005,-1.2775
40.0015,-1.2707
2
40.0015,-1.2707
40.0002,-1.2677
2
40.0002,-1.2677
40.0,-1.2671
2
40.0114,-1.1628
40.0,-1.1611
6
40.7314,0.0
40.7275,-0.006967
40.7242,-0.025522
40.7247,-0.044443
40.7231,-0.063071
40.7312,-0.075025
90
40.7312,-0.075025
40.7325,-0.078032
40.7422,-0.094167
40.7489,-0.11192
40.7581,-0.12864
40.7689,-0.14169
40.7817,-0.15225
40.7828,-0.1711
40.7814,-0.19053
40.77,-0.2008
40.7586,-0.21444
40.7455,-0.22471
40.7309,-0.22889
40.7152,-0.23058
40.7003,-0.2264
40.6911,-0.24055
40.6861,-0.2583
40.6789,-0.27531
40.6742,-0.2858
40.6628,-0.29753
40.6594,-0.31587
40.6736,-0.32196
40.6778,-0.34
40.6767,-0.35056
40.6692,-0.36809
40.66,-0.38363
40.6461,-0.37388
40.6308,-0.37696
40.6167,-0.37806
40.6131,-0.36779
40.6136,-0.34887
40.6039,-0.33413
40.6067,-0.31697
40.6114,-0.29915
40.6072,-0.28998
40.5923,-0.29365
40.5833,-0.29834
40.5694,-0.29775
40.5556,-0.29365
40.5414,-0.29335
40.5267,-0.29335
40.513,-0.29915
40.5045,-0.29057
40.5003,-0.28089
40.4872,-0.27751
40.4742,-0.26747
40.47,-0.28609
40.4644,-0.3078
40.4597,-0.32474
40.4498,-0.3378
40.4355,-0.3397
40.4203,-0.33054
40.4139,-0.31308
40.4016,-0.30282
40.39,-0.28778
40.3764,-0.2792
40.3631,-0.29086
40.3586,-0.30942
40.3575,-0.31998
40.3447,-0.32914
40.3375,-0.34418
40.3233,-0.35195
40.3142,-0.3653
40.305,-0.36999
40.3014,-0.38833
40.2958,-0.39808
40.2834,-0.38862
40.2683,-0.38664
40.2556,-0.3972
40.25,-0.40586
40.2444,-0.4236
40.2414,-0.43387
40.2344,-0.45169
40.2358,-0.47054
40.2303,-0.48836
40.23,-0.50002
40.2311,-0.51638
40.2383,-0.52525
40.2484,-0.53948
40.2355,-0.55305
40.2211,-0.55165
40.2075,-0.55503
40.1931,-0.55305
40.1791,-0.55752
40.1692,-0.57197
40.1539,-0.56808
40.1395,-0.57556
40.1306,-0.58891
40.1255,-0.60108
40.1213,-0.606
13
40.1213,-0.606
40.1197,-0.60776
40.1078,-0.61971
40.0911,-0.6178
40.077,-0.61164
40.0733,-0.62638
40.0669,-0.63585
40.0589,-0.64553
40.0514,-0.66386
40.0464,-0.6742
40.045,-0.69386
40.0483,-0.70471
40.0418,-0.71043
3
40.0418,-0.71043
40.0417,-0.71058
40.0401,-0.71666
8
40.0401,-0.71666
40.0391,-0.72026
40.0386,-0.73947
40.0428,-0.75641
40.0264,-0.76001
40.0122,-0.75942
40.0028,-0.77336
40.0,-0.77724
25
41.0,0.27509
40.9955,0.27531
40.9834,0.28639
40.9719,0.29753
40.9598,0.2858
40.9472,0.27443
40.9342,0.26974
40.9225,0.25918
40.9072,0.25441
40.8933,0.24722
40.8803,0.2517
40.8675,0.25859
40.8533,0.25529
40.8406,0.26585
40.8275,0.27663
40.8142,0.26695
40.8014,0.25668
40.792,0.24026
40.7767,0.23637
40.7669,0.21752
40.7603,0.19948
40.7572,0.18085
40.7464,0.17139
40.7441,0.16164
40.7309,0.17308
15
40.7309,0.17308
40.7231,0.16611
40.72,0.14748
40.7247,0.12944
40.7267,0.11947
40.7261,0.10803
40.72,0.089986
40.7133,0.072752
40.7014,0.058891
40.6914,0.043856
40.6953,0.034469
40.7053,0.025815
40.7208,0.027795
40.7325,0.011954
40.7314,0.0
25
40.7309,0.17308
40.7281,0.17946
40.7239,0.19919
40.7331,0.21525
40.727,0.22559
40.7125,0.2264
40.6995,0.23556
40.7034,0.24502
40.7022,0.26277
40.6989,0.27304
40.688,0.28807
40.6764,0.28807
40.6658,0.27473
40.6522,0.26776
40.6389,0.27722
40.6294,0.29277
40.6264,0.31081
40.6186,0.32753
40.6175,0.3378
40.6128,0.35555
40.61,0.37527
40.61,0.395
40.5972,0.40974
40.5875,0.4258
40.5837,0.43512
4
40.5837,0.43512
40.5783,0.43886
40.5642,0.43746
40.5546,0.44238
7
40.5546,0.44238
40.5517,0.44663
40.5469,0.45609
40.543,0.47413
40.5408,0.48499
40.5378,0.49474
40.5289,0.51887
4
40.0,-1.2671
39.9978,-1.2608
39.9967,-1.2509
40.0,-1.2348
5
40.0,-1.1611
40.0,-1.1611
39.9908,-1.1516
39.9766,-1.1428
39.9722,-1.1455
13
40.0,-0.77724
39.9959,-0.78304
39.992,-0.80137
39.9858,-0.82029
39.975,-0.83335
39.9594,-0.83723
39.945,-0.84163
39.9336,-0.83694
39.9192,-0.83364
39.905,-0.82557
39.8991,-0.80805
39.8864,-0.79609
39.8775,-0.7914
30
39.8775,-0.7914
39.8758,-0.80086
39.8703,-0.81861
39.8658,-0.82858
39.8573,-0.8453
39.8492,-0.86276
39.8511,-0.88087
39.8589,-0.89832
39.8725,-0.90419
39.8886,-0.90331
39.9,-0.90889
39.9128,-0.91307
39.9269,-0.90639
39.94,-0.90441
39.9555,-0.91219
39.9583,-0.9292
39.9592,-0.93947
39.9625,-0.95054
39.9711,-0.96748
39.9789,-0.98501
39.9802,-0.99557
39.9786,-1.0066
39.9758,-1.0248
39.975,-1.043
39.9814,-1.0611
39.9753,-1.0784
39.9678,-1.0975
39.9698,-1.1158
39.9603,-1.1297
39.9722,-1.1455
3
39.7208,-0.18613
39.7255,-0.1997
39.7309,-0.21518
3
39.7309,-0.21518
39.7311,-0.21664
39.7353,-0.22368
15
39.7353,-0.22368
39.7356,-0.2242
39.7425,-0.24084
39.7425,-0.25111
39.7489,-0.26864
39.7647,-0.27253
39.7761,-0.28529
39.7883,-0.29885
39.7986,-0.3092
39.7998,-0.31998
39.7998,-0.33142
39.7975,-0.35056
39.7998,-0.3697
39.7939,-0.38503
39.7907,-0.38591
3
39.7907,-0.38591
39.7861,-0.38723
39.7856,-0.3873
3
39.7856,-0.3873
39.7775,-0.38804
39.7714,-0.38789
41
39.7714,-0.38789
39.7689,-0.38782
39.7553,-0.39559
39.7448,-0.40864
39.7381,-0.4261
39.7286,-0.44084
39.7145,-0.4503
39.7192,-0.46614
39.7142,-0.47831
39.7067,-0.49056
39.7228,-0.49056
39.7372,-0.49445
39.7436,-0.5111
39.7516,-0.52753
39.7486,-0.53809
39.7483,-0.54945
39.7536,-0.5672
39.7514,-0.57974
39.7414,-0.59111
39.7403,-0.60138
39.7434,-0.61142
39.7461,-0.63027
39.7489,-0.64142
39.7633,-0.64809
39.7789,-0.64531
39.7956,-0.64083
39.8119,-0.64831
39.8278,-0.65418
39.8405,-0.66305
39.8414,-0.67332
39.8492,-0.69056
39.8442,-0.69972
39.8306,-0.7061
39.8161,-0.71447
39.8139,-0.73221
39.8275,-0.73859
39.8389,-0.75113
39.8517,-0.76309
39.8652,-0.76888
39.8758,-0.78194
39.8775,-0.7914
6
39.9722,-1.1455
39.965,-1.1502
39.9614,-1.1606
39.9564,-1.1783
39.9519,-1.1978
39.9486,-1.2122
5
39.9486,-1.2122
39.9436,-1.2083
39.9328,-1.2066
39.9247,-1.1984
39.9153,-1.1914
13
39.9153,-1.1914
39.9106,-1.1956
39.8944,-1.2003
39.8795,-1.2
39.8644,-1.2017
39.8503,-1.2061
39.8361,-1.2125
39.8203,-1.2114
39.8064,-1.2167
39.7992,-1.2245
39.7864,-1.2333
39.7742,-1.2456
39.7729,-1.2462
18
39.7729,-1.2462
39.7667,-1.2497
39.7519,-1.2616
39.7403,-1.2731
39.7258,-1.27
39.7117,-1.2678
39.6986,-1.2597
39.6859,-1.2694
39.6758,-1.2834
39.67,-1.3019
39.6697,-1.3208
39.6783,-1.3364
39.6853,-1.3536
39.685,-1.3722
39.6742,-1.3895
39.6633,-1.4053
39.6525,-1.4192
39.6448,-1.4291
9
39.6448,-1.4291
39.6408,-1.4314
39.6317,-1.4358
39.6164,-1.4439
39.602,-1.4511
39.5933,-1.4575
39.5792,-1.4683
39.5709,-1.4844
39.5681,-1.4961
3
39.5681,-1.4961
39.5528,-1.5028
39.5381,-1.5006
2
39.5381,-1.5006
39.5356,-1.5
14
39.5356,-1.5
39.523,-1.505
39.5131,-1.5011
39.5028,-1.505
39.4958,-1.495
39.4922,-1.5078
39.4822,-1.5073
39.4719,-1.507
39.4617,-1.5097
39.4539,-1.5177
39.4408,-1.5175
39.4325,-1.5117
39.4322,-1.5
39.4219,-1.5011
2
39.4219,-1.5011
39.4209,-1.5
2
39.4209,-1.5
39.4178,-1.4967
22
39.4178,-1.4967
39.4205,-1.4911
39.4169,-1.4817
39.4064,-1.4858
39.4072,-1.4742
39.4067,-1.4633
39.397,-1.4717
39.4003,-1.4578
39.3903,-1.4511
39.3803,-1.4503
39.3653,-1.4506
39.3703,-1.4386
39.3697,-1.4283
39.365,-1.4181
39.3767,-1.4184
39.3767,-1.4053
39.3739,-1.3922
39.365,-1.3844
39.3583,-1.3752
39.3542,-1.3639
39.3473,-1.3522
39.3456,-1.35
18
39.3456,-1.35
39.3436,-1.3472
39.3381,-1.3356
39.3392,-1.3228
39.3422,-1.3095
39.3358,-1.2983
39.3325,-1.2861
39.3283,-1.275
39.3278,-1.2619
39.3253,-1.2484
39.3195,-1.235
39.3153,-1.2228
39.3181,-1.2097
39.3228,-1.2006
39.3131,-1.1959
39.3122,-1.1828
39.3114,-1.17
39.3039,-1.1603
7
39.3053,-2.0
39.3,-1.9955
39.2975,-1.98
39.2958,-1.97
39.2989,-1.9503
39.3014,-1.9328
39.3022,-1.9246
30
39.3022,-1.9246
39.3025,-1.9217
39.3036,-1.9103
39.3055,-1.9003
39.3028,-1.8889
39.2961,-1.8714
39.2867,-1.8561
39.2831,-1.8367
39.2845,-1.8255
39.2811,-1.8069
39.2805,-1.7886
39.2794,-1.7783
39.2895,-1.7647
39.3044,-1.7611
39.3153,-1.7464
39.3214,-1.7286
39.3275,-1.7114
39.3361,-1.6972
39.3436,-1.68
39.3484,-1.67
39.3522,-1.6503
39.3558,-1.6408
39.3633,-1.6244
39.372,-1.6089
39.3817,-1.5925
39.39,-1.5744
39.4011,-1.5564
39.407,-1.5389
39.4152,-1.5214
39.4219,-1.5011
9
39.3039,-1.1603
39.295,-1.1661
39.2805,-1.175
39.2656,-1.1766
39.2497,-1.1766
39.2353,-1.175
39.2203,-1.1777
39.2067,-1.1864
39.1981,-1.1874
27
39.1981,-1.1874
39.193,-1.1917
39.1781,-1.1967
39.1636,-1.2075
39.1534,-1.2211
39.1406,-1.2325
39.1247,-1.2361
39.1089,-1.247
39.0961,-1.2567
39.0822,-1.2591
39.0686,-1.265
39.0536,-1.2647
39.0406,-1.2564
39.0325,-1.2408
39.0211,-1.2289
39.0103,-1.2186
39.0003,-1.2079
38.9944,-1.1981
38.9839,-1.1822
38.9722,-1.1692
38.9589,-1.1603
38.9458,-1.1516
38.9336,-1.1395
38.9319,-1.1211
38.9327,-1.1025
38.9355,-1.0853
38.9358,-1.0771
19
38.9358,-1.0771
38.9358,-1.0758
38.9378,-1.0572
38.9372,-1.0472
38.9386,-1.0289
38.9453,-1.0103
38.9509,-0.99997
38.9506,-0.98252
38.9481,-0.97247
38.9403,-0.95362
38.9256,-0.95025
38.9119,-0.94357
38.9061,-0.93529
38.8925,-0.92333
38.8786,-0.92084
38.8636,-0.92891
38.8486,-0.93001
38.8378,-0.91776
38.8239,-0.91248
4
38.8239,-0.91248
38.8205,-0.90947
38.8092,-0.92165
38.7916,-0.92055
21
38.7006,-0.63753
38.7086,-0.63497
38.7231,-0.63636
38.733,-0.64941
38.7322,-0.66834
38.7417,-0.68337
38.7425,-0.70082
38.7528,-0.71476
38.7614,-0.73082
38.7564,-0.74915
38.7522,-0.7592
38.7528,-0.76947
38.7469,-0.78722
38.7355,-0.80108
38.7383,-0.81831
38.7369,-0.83525
38.7522,-0.83833
38.7644,-0.85029
38.7753,-0.86415
38.775,-0.87442
38.7729,-0.87962
6
38.7729,-0.87962
38.7714,-0.88307
38.7703,-0.89392
38.7692,-0.90419
38.7795,-0.91336
38.7916,-0.92055
3
38.8842,-0.033076
38.8766,-0.036376
38.8734,-0.035863
37
38.8734,-0.035863
38.8695,-0.035276
38.8581,-0.026109
38.8544,-0.041363
38.8661,-0.053904
38.8766,-0.064685
38.8842,-0.078912
38.8711,-0.088886
38.8742,-0.10751
38.8692,-0.11668
38.8608,-0.13333
38.8569,-0.15108
38.8708,-0.15364
38.875,-0.16472
38.8753,-0.17499
38.8698,-0.18335
38.8581,-0.1942
38.8516,-0.21195
38.8508,-0.22302
38.8516,-0.23307
38.8578,-0.25082
38.8561,-0.26109
38.8645,-0.27832
38.8753,-0.29335
38.8794,-0.30252
38.8753,-0.31917
38.8645,-0.33142
38.8617,-0.3411
38.8611,-0.35136
38.8466,-0.35555
38.8381,-0.37278
38.8381,-0.39141
38.8331,-0.40886
38.828,-0.42749
38.8194,-0.43637
38.8103,-0.4525
38.8058,-0.45822
13
38.8058,-0.45822
38.8045,-0.45998
38.8031,-0.47193
38.8017,-0.4822
38.8058,-0.49973
38.8084,-0.5108
38.8142,-0.51916
38.8067,-0.53581
38.8042,-0.55503
38.8047,-0.56529
38.8019,-0.58253
38.7972,-0.5914
38.7919,-0.58825
18
38.7919,-0.58825
38.7903,-0.58722
38.7758,-0.58781
38.7644,-0.57277
38.7575,-0.55642
38.7578,-0.54527
38.765,-0.52914
38.7581,-0.51278
38.7461,-0.50281
38.7397,-0.51858
38.7292,-0.53251
38.7161,-0.54219
38.7119,-0.55943
38.7119,-0.56947
38.7028,-0.58583
38.6961,-0.5936
38.6883,-0.61084
38.6897,-0.61443
4
38.6897,-0.61443
38.6847,-0.62001
38.6867,-0.63277
38.7006,-0.63753
4
38.7916,-0.92055
38.7817,-0.92891
38.7795,-0.94666
38.7791,-0.95259
2
38.7791,-0.95259
38.7789,-0.95597
4
38.7789,-0.95597
38.7789,-0.95612
38.7633,-0.95413
38.7496,-0.95003
4
38.7496,-0.95003
38.7478,-0.94915
38.7336,-0.94416
38.7322,-0.94321
6
38.7322,-0.94321
38.7264,-0.93917
38.7156,-0.92641
38.7025,-0.91805
38.6917,-0.90309
38.6876,-0.90031
3
38.6876,-0.90031
38.6853,-0.89862
38.6848,-0.90001
11
38.6848,-0.90001
38.6822,-0.9072
38.678,-0.91637
38.6678,-0.93111
38.6617,-0.94864
38.6569,-0.96609
38.6558,-0.97724
38.6564,-0.9886
38.6575,-0.99997
38.6572,-1.0142
38.6544,-1.0222
4
38.368,-1.7955
38.3677,-1.7936
38.368,-1.7797
38.3658,-1.7736
16
38.3658,-1.7736
38.3716,-1.7691
38.3792,-1.762
38.3811,-1.7489
38.3803,-1.7361
38.3728,-1.7256
38.3664,-1.7155
38.373,-1.7081
38.3739,-1.6956
38.3669,-1.6861
38.3575,-1.6811
38.3467,-1.6803
38.3364,-1.6841
38.3264,-1.6784
38.3194,-1.6689
38.3161,-1.6589
2
38.3161,-1.6589
38.3152,-1.6566
11
38.3152,-1.6566
38.3116,-1.6478
38.3089,-1.6355
38.3133,-1.6172
38.3103,-1.6
38.3103,-1.5897
38.3169,-1.5705
38.327,-1.5533
38.3414,-1.5466
38.3508,-1.5331
38.3583,-1.5171
57
38.3583,-1.5171
38.3592,-1.5147
38.3682,-1.5
38.375,-1.49
38.3878,-1.4798
38.4039,-1.477
38.4195,-1.4798
38.4353,-1.4853
38.4522,-1.4817
38.4678,-1.4855
38.4836,-1.4847
38.4992,-1.4894
38.5141,-1.4939
38.5286,-1.5014
38.5416,-1.5
38.5503,-1.4944
38.5661,-1.4866
38.5725,-1.4694
38.5828,-1.4575
38.5978,-1.4536
38.6123,-1.4547
38.6272,-1.4495
38.6431,-1.452
38.6561,-1.4447
38.6672,-1.4327
38.6808,-1.4245
38.6864,-1.4153
38.695,-1.3989
38.7028,-1.3811
38.7039,-1.3708
38.6973,-1.3572
38.6828,-1.3489
38.6839,-1.3314
38.6945,-1.3175
38.7003,-1.3008
38.7039,-1.2911
38.708,-1.2817
38.7175,-1.2675
38.7311,-1.2594
38.74,-1.2428
38.7442,-1.2245
38.7469,-1.2144
38.745,-1.195
38.7536,-1.1808
38.7528,-1.1645
38.7486,-1.1477
38.7464,-1.1378
38.7414,-1.118
38.7278,-1.1128
38.7133,-1.11
38.7028,-1.0986
38.6933,-1.0842
38.6833,-1.0703
38.6775,-1.0619
38.6686,-1.0467
38.6589,-1.0297
38.6544,-1.0222
17
38.2824,-2.0
38.2778,-1.9947
38.2772,-1.9847
38.2836,-1.9675
38.2889,-1.9478
38.2903,-1.9289
38.2897,-1.9186
38.2956,-1.9003
38.3028,-1.8839
38.3147,-1.8681
38.3267,-1.8558
38.332,-1.8383
38.3369,-1.8214
38.348,-1.8086
38.3508,-1.7986
38.36,-1.7895
38.368,-1.7955
47
38.6544,-1.0222
38.6472,-1.0214
38.6328,-1.015
38.6183,-1.0142
38.6025,-1.0105
38.5881,-1.0055
38.573,-1.0031
38.5556,-1.0089
38.5411,-1.015
38.5253,-1.0222
38.5108,-1.0189
38.5001,-1.0138
38.49,-1.0189
38.4764,-1.0295
38.4711,-1.0394
38.4617,-1.0531
38.4553,-1.0614
38.4445,-1.0753
38.4331,-1.0853
38.4181,-1.0859
38.4014,-1.085
38.3839,-1.0859
38.3691,-1.085
38.3545,-1.0817
38.3467,-1.0694
38.3455,-1.0575
38.3422,-1.04
38.3367,-1.0197
38.3306,-1.0033
38.32,-0.99058
38.3064,-0.97892
38.2917,-0.97386
38.2778,-0.96748
38.2636,-0.96917
38.2492,-0.97196
38.2347,-0.97694
38.2181,-0.98054
38.203,-0.98222
38.1872,-0.9911
38.1741,-0.99946
38.1611,-1.01
38.148,-1.0234
38.1336,-1.0336
38.1183,-1.0383
38.102,-1.0292
38.0894,-1.0264
38.0739,-1.0253
4
38.0739,-1.0253
38.0728,-1.0253
38.0614,-1.0133
38.0525,-1.0025
2
38.0525,-1.0025
38.0457,-0.99806
20
38.0457,-0.99806
38.042,-0.99528
38.0291,-0.98222
38.0131,-0.97496
38.0001,-0.96594
37.9836,-0.9567
37.9747,-0.94108
37.9611,-0.9336
37.9464,-0.92473
37.9328,-0.91747
37.9197,-0.89972
37.9075,-0.89004
37.9034,-0.88028
37.8916,-0.86642
37.8795,-0.85308
37.8664,-0.83973
37.8633,-0.82169
37.8569,-0.80416
37.8503,-0.79499
37.8446,-0.79059
4
37.8446,-0.79059
37.8439,-0.79
37.8447,-0.77028
37.8458,-0.76111
8
37.8816,-2.0
37.882,-1.9977
37.8764,-1.9806
37.8661,-1.9691
37.8539,-1.9811
37.8414,-1.9939
37.8256,-1.9936
37.8202,-1.9933
4
37.8202,-1.9933
37.8175,-1.993
37.8025,-1.9964
37.7982,-2.0
4
37.7498,-2.0
37.743,-1.995
37.7286,-1.9969
37.7188,-2.0
4
37.6489,-2.0
37.6447,-1.9942
37.6333,-1.9811
37.6242,-1.9776
14
37.6242,-1.9776
37.6189,-1.9747
37.605,-1.9653
37.595,-1.9503
37.5814,-1.9469
37.5675,-1.9369
37.5547,-1.9239
37.5475,-1.9164
37.5339,-1.9083
37.5202,-1.9
37.5072,-1.8861
37.5002,-1.8764
37.4892,-1.8658
37.4848,-1.8621
5
37.4848,-1.8621
37.4831,-1.8605
37.4697,-1.8533
37.4567,-1.8417
37.4492,-1.8346
5
37.4492,-1.8346
37.4458,-1.8275
37.438,-1.81
37.4481,-1.8055
37.4512,-1.7933
10
37.4512,-1.7933
37.4503,-1.7875
37.4469,-1.7691
37.4433,-1.7506
37.4391,-1.7317
37.4297,-1.7166
37.4239,-1.7078
37.4189,-1.6975
37.408,-1.6828
37.4038,-1.6729
5
37.4038,-1.6729
37.4036,-1.6725
37.3936,-1.6583
37.3881,-1.6481
37.3814,-1.6383